    111000100
    100001111
    101001010
    100001010
    100010111
    101010011
    100010011
    111011100 //loop
    111100100
    111101100
    111110100
    111111100
    111000100
    111001100
    111110100
    111111100
    000000111 // lw  $s0             # load data MEM -> $t7  ($t7 = 0 0 0 0 0 bB bA b9)
    100110001
    111110000
    011011110
    011100110
    011101110
    111110100
    100110001
    101110001
    111110000
    110110001
    011011110
    011100110
    011110110
    111110100
    100110001
    101110010
    111110000
    110110010
    011011110
    011101110
    011110110
    111110100
    100110001
    101110011
    111110000
    110110011
    011100110
    011101110
    011110110
    111110100
    100110001
    101110100
    111110000
    110110100
    011011110
    011100110
    011111110
    111110100
    100110001 
    101110101
    111110000
    110110101
    011011110
    011101110
    011111110
    111110100
    100110001 
    101110110
    111110000
    110110110
    011100110
    011101110
    011111110
    111110100
    100110001 
    101110111
    111110000
    110110111
    011011110
    011110110
    011111110
    111000100
    111110100
    111111100
    100000001
    000000111 // lw  $s0             # load data MEM -> $t7  ($t7 = 0 0 0 0 0 bB bA b9)
    011001111
    100110001
    111110001
    011100110
    011110110
    011111110
    111110100
    100110001 
    101110001
    111110001
    110110001
    011101110
    011110110
    011111110
    111110100
    100110001 
    101110010
    111110001
    110110010
    011011110
    011100110
    011101110
    011110110
    011111110
    111110100
    111111100 
    100110111
    101110001
    111110000
    111110110
    101110001
    011111110
    111110100
    100110001 
    111110000
    111111110
    101111001
    111111101
    101111001
    111111100
    101111001
    111111010
    001001000 //sw $s1              # store data $t7 -> MEM
    100001001
    111110100
    111111100 
    100110111
    111110001
    011111110
    101111101
    111110100
    011110000
    110110100
    101110001
    111111110
    111111111
    001001000 //sw $s1              # store data $t7 -> MEM
    111110100
    011110001
    011110010
    100000001
    100001001
    111101100
    011101110
    010000000 //branch loop   